0.1564970315
0.1274064183
0.0581453592
0.3362849355
0.4162378609
0.2126647383
0.0903299898
-0.4046977758
0.1266525537
-0.1495323330
-0.0223073587
0.1804645360
0.4758017957
0.1097823530
0.2358311713
-0.1113475338
0.1176653802
0.5000141859
0.6013837457
-0.2053278685
0.1977769136
0.7061095238
0.2094998509
0.1121950448
-0.1865521371
-0.4010545611
0.4707526565
0.1394076049
0.1250735670
0.0434517562
0.5182892084
0.1473615915
0.2789444327
0.6030818224
0.3427571356
0.3912996948
-0.0884651318
-0.0683740377
0.1148958355
0.1998369694
-0.0440121405
-0.1995650977
-0.1621495634
0.0896591172
0.1384306848
-0.2855369747
-0.4981462061
-0.1844836473
-0.0830576345
-0.0850971118
-0.0203864779
0.0051881475
0.1698869169
-0.1913408935
0.0422541387
-0.0748776942
-0.4154122174
-0.4404595792
0.0644885823
0.1411766559
0.3005377650
0.2051981390
0.2233565301
0.0651130751
0.0569677129
-0.0157495569
0.0325350463
-0.3045439124
0.1318733692
0.0178897269
-0.2367187291
-0.0588683710
-0.1014568135
-0.0734590888
-0.0015263730
-0.0391414352
-0.1797423512
-0.3977597058
0.4364615381
0.4552033544
0.0808165446
0.2046874315
0.0559089966
0.0911843553
0.1895134300
-0.0468739793
-0.2053988427
0.0482799374
0.5260762572
0.3381362259
0.1207234338
0.3037548959
0.2123878896
0.0990100279
-0.0235381760
-0.1815126836
-0.1230546981
-0.0611156598
-0.1663637012
0.0030795026
0.2015892565
-0.0977878720
0.0351623930
0.2299474329
-0.0708014295
-0.1630452424
-0.0469562300
-0.0275502764
-0.1673134714
-0.0774059296
-0.0297189094
0.0824925154
0.1545159966
0.3691923618
-0.0489406027
0.2260590345
0.0749910176
-0.3323477805
-0.0704445168
-0.1863435805
-0.4012871087
-0.4187477231
0.0307492949
0.2542290986
-0.1757804304
-0.0630799830
-0.0867192671
0.0166885387
-0.2048585862
-0.0616049059
-0.0168675501
0.2744461298
-0.1456057578
-0.1300244033
-0.0883054063
-0.0082814554
0.1753143817
0.1425911933
-0.2608971298
0.1221511662
-0.1654836386
-0.1024872959
-0.3799449801
0.1887716502
-0.4999770820
-0.0392841212
-0.1159333736
-0.0713182241
0.0050461330
0.3397052288
0.4935699701
0.0412263572
-0.0397333130
-0.1435670555
0.0967625678
0.1851019561
-0.0131551549
-0.1302772909
0.0854879990
-0.0411609896
0.1360850334
0.0644602627
-0.0574471019
0.2171902955
-0.2226105928
-0.2477124482
0.1009158194
0.0238346979
0.1137463376
0.0444248281
0.0108840205
0.0204635840
-0.1089159176
0.1108814031
-0.0545119978
0.4678049684
0.1393400580
-0.0181681197
0.1642486006
0.0355087034
0.0731918216
-0.1171650738
0.0278558247
0.0996434316
0.0701283216
-0.0349589698
-0.2572430074
-0.0348131806
0.2920853198
0.3182956576
-0.1702855229
-0.2864203453
0.0603771135
-0.1301613152
0.0484403297
-0.2386376560
-0.0880148709
0.3588230312
-0.0322177522
0.1230278909
0.1341399252
0.2170963436
0.4023253918
0.0348944440
0.1166481376
0.0227103140
0.0799926594
0.2014366835
0.1294215471
-0.1343704462
0.0659017488
0.2140152305
0.1080633551
0.2411441952
0.1983782649
0.3093571365
0.1841661483
-0.1211692989
-0.2005406320
0.3199470341
0.3619486988
0.2208981812
-0.0990901440
-0.0218011830
0.3814834654
0.0966647714
-0.1849179715
0.1377045363
0.4267786145
0.1761690378
0.4289723933
0.3963075876
0.2674300075
0.0164912324
0.3402304649
0.0748146698
0.0282343477
0.0093028154
-0.0915438980
0.0167991053
0.0027025570
0.1436507106
0.1114251986
0.2046512812
0.1523134410
0.3889695108
0.2416249216
-0.0625103638
0.2318036705
-0.1942110509
-0.1161704361
-0.0300110895
0.3339353204
-0.3969386518
-0.2673625648
0.1214090958
0.4236578047
0.1356737167
-0.3632461429
-0.2852701843
0.3110298514
0.0000885172
-0.0409814157
-0.0569363125
0.1738070101
0.4289511144
0.2960039377
-0.1736062318
-0.2128633261
-0.1128998473
0.1650318801
-0.4347778559
-0.1860468239
0.1119532436
0.2217475474
0.0934385285
-0.0145152118
-0.0667110533
0.3743757010
-0.0503493734
0.0672886372
0.0007281880
0.4099867344
-0.1427119970
0.1745055467
0.1318905056
-0.0147434808
-0.0316785648
-0.0006698375
0.1818048656
0.0317254290
-0.3880818188
-0.0152768111
-0.1730384082
-0.1311180890
0.0196853671
0.0399269089
-0.2244811952
-0.1430844367
-0.1181903929
-0.0335487910
-0.0781539083
-0.0932369605
-0.1700731218
-0.1458347291
-0.0093980031
-0.1312024146
0.4464350641
0.2456821203
-0.3508901596
-0.2071977705
-0.0684104338
0.1037063524
-0.0352851525
0.0407525413
-0.2862288654
0.0737116933
-0.0201478284
-0.1111178771
-0.1102342829
0.0587714985
-0.4428060353
-0.1595377475
-0.4926339686
-0.1305026710
0.0860395432
-0.0483691804
0.0014871281
-0.0094748214
0.0620698780
-0.0522234850
-0.0651586875
-0.3041526675
-0.1309943944
-0.2016492784
-0.1983115822
-0.0207324121
0.1225927919
0.0302106645
-0.0071987193
0.0648395643
0.0961314142
-0.0376970917
-0.0648863539
-0.1337186098
0.0891735554
-0.2492817938
0.0929022059
0.1508301198
0.3365009427
0.0190488547
0.1584919244
0.0088745160
-0.0000846425
0.0192197505
-0.1190534979
-0.1771304905
-0.1864793152
-0.1564771086
0.0301772207
-0.0364069603
0.0831967965
-0.0790856332
-0.1226269454
-0.2061076462
0.0151168127
-0.0381496213
0.2796411812
-0.0647451654
-0.1642302126
0.0626723990
0.1108029336
-0.1483535171
0.1065017730
-0.1598902643
0.0381295122
-0.1705516428
-0.1033839211
0.1029318646
0.2796668410
-0.0817686766
0.0902123228
-0.1412482858
0.0305010099
0.1939610839
0.2871686220
0.0308001880
-0.1895205230
0.2489398420
-0.0304484796
0.0096623180
0.1839431077
-0.2122977674
0.3795083463
0.0724904165
-0.1141659096
0.2597901523
0.1947744787
-0.0226924568
-0.1004543751
0.0776949972
0.1717758179
0.0139354700
-0.1600647122
-0.2217948735
0.3591617346
0.0047261352
0.1334205419
-0.1708946079
0.1575828493
0.0530598871
-0.1598483920
-0.0909886733
-0.0386436209
0.2941273749
0.0334271714
-0.0930889547
-0.0147684682
0.0438970812
0.1140059680
0.2563304305
0.0037919271
0.2427840233
0.1482405663
-0.1514984369
0.0306453556
-0.1682631671
0.1762871146
-0.1368842125
-0.1953374594
-0.1913235933
-0.0789958388
-0.1892855018
-0.0540317148
0.0174415875
0.0042977924
0.0254943110
-0.1673824042
-0.1418969333
0.1030045375
0.1451448053
-0.0628552809
-0.1399442703
-0.0495445542
0.1522419751
-0.0150522497
0.0807097927
0.1391184032
0.0898860916
0.2967469394
-0.0725521445
-0.0541192554
-0.0765984207
-0.1206924245
0.0459183827
-0.1108334213
-0.0170737803
0.2011298537
0.1206260398
-0.0585233904
-0.1989651471
-0.0394514836
-0.0098337457
0.0531562865
0.2543990612
0.1177088097
-0.0640049726
0.0161099639
0.2428000569
-0.0777004361
0.0346567668
-0.0086941877
-0.2902241349
0.2050748616
0.1413619667
0.1638705730
0.3363765478
0.3495387137
0.1066146791
0.0068280031
0.3150647283
0.1427043974
0.3148910105
-0.0960533395
-0.4731287062
-0.1864463985
0.1981481314
0.0337073244
0.0958847106
-0.2899563015
0.2005984187
0.0981451645
-0.0072570969
-0.0011323413
0.0709809139
0.0086563192
0.0066235922
-0.0714671984
0.0342928097
0.2366897464
-0.0381534137
0.2954208851
0.2106780559
0.0364417359
0.0233473964
-0.4407643378
-0.3188929260
0.4027884305
0.2327083498
-0.5012715459
-0.3085698783
-0.2942223847
-0.1868061274
0.1623437703
0.1090757847
-0.2014808655
0.3328577876
0.1118531153
0.2547957003
0.2799090445
-0.0070257233
-0.0630045086
0.4077756703
0.0228858627
0.0035714954
0.3968092501
0.0530083403
0.1781042665
0.0191728752
-0.2379449308
0.5317691565
0.3690396845
0.2738589346
-0.0848761275
0.4775932729
0.1317240298
0.0975577235
0.5798717737
0.1326894313
0.2221499830
0.1079786569
0.0730910897
0.1365779042
0.0323724933
-0.1078607738
-0.0223731957
0.0599605180
0.1307792664
0.0278440602
-0.1072716564
-0.0892048925
-0.0421586446
0.1060297191
-0.0612002797
-0.1910746247
-0.0523822904
-0.0487108901
-0.2752031982
0.0311195981
-0.0642927289
0.1773104817
0.0781761929
-0.2445473522
-0.1357749403
0.0968596637
0.0829886571
0.1914885938
-0.2917452157
-0.2942440808
0.0015113639
0.1067587733
-0.1992025524
0.1738707274
-0.0812950358
0.0540356971
-0.3806745112
-0.1295384616
-0.0513479263
0.0150923692
0.1124546379
-0.0509252846
-0.2388647646
0.0922589377
-0.0134997992
0.0203826018
0.0323943943
-0.0704656169
-0.1415890604
0.2935730815
0.0385707915
-0.1886041313
-0.3003968894
-0.1515064538
0.1394286454
-0.0399995595
-0.0519514903
-0.0127000874
0.0608653836
-0.2461972237
-0.1304410547
0.0456783362
0.0451622866
-0.0789114758
-0.2349992096
-0.2557920516
-0.0830400735
0.0519034564
-0.2457501441
0.1161456555
0.0244731475
-0.1751266718
-0.0857529342
0.1763795167
0.3086890876
-0.0751407966
0.1623980105
0.2816949487
0.1968931407
0.1571673751
0.3232464194
0.0726318434
0.1595020294
0.0279892702
0.0575217828
-0.1006206870
-0.0455252454
-0.0944212824
0.3124214709
-0.0699899122
-0.0889643580
0.0825824142
0.0566989519
0.0042004627
-0.0314625986
0.3133798838
0.2982747257
0.1209023967
-0.0799157545
-0.0976408646
0.1750162095
-0.1404846162
-0.1927889884
0.0168392435
0.1828979552
0.0099200420
0.1431747079
-0.1433447748
-0.1313555837
0.1845388114
-0.1092462465
0.0394186154
0.3267895579
-0.1512576789
0.1186829433
0.0128614949
-0.2142664343
0.1142043918
0.1685604304
-0.2059893608
0.1686115116
0.1735605299
-0.1349939853
0.1822578609
-0.2273292840
-0.0076263021
-0.1422840655
0.1821840554
-0.1367317885
0.0992625058
0.1927853823
0.0661592111
-0.0577327684
0.2000828832
-0.0561183281
-0.0873480961
0.0588181391
-0.0589894876
0.2322648168
-0.0647610575
-0.2142998129
0.0070531806
0.0483675711
-0.0551421382
0.0480808243
0.0947421715
0.0163185392
-0.0526997074
0.1016083881
-0.0880205482
0.0661592856
0.0542947538
0.1488402188
0.0631191283
-0.0448388010
0.0051639238
-0.0889691487
0.1002143770
0.1198702827
0.1483394355
0.0705801696
-0.1113295332
-0.0477372669
-0.2924025655
-0.1077990308
-0.0182313547
-0.0739423782
-0.1800896078
-0.0326348506
-0.0379228778
0.1332595646
-0.0001144790
-0.0268920939
-0.0301574562
0.0078626908
-0.0017640120
0.0491483100
-0.1492471546
0.0787156522
0.0406770483
0.1405138820
-0.0307421703
0.1607512683
0.0172718894
-0.0794489309
0.1870328337
0.1502366066
-0.1132207289
0.1094030142
0.0541362725
-0.1590969115
0.0134012671
0.0004360400
-0.0096144397
0.1667065471
-0.0523543134
0.1736993939
0.0446726568
0.1342700422
0.0347822942
0.0997537225
0.2712441385
0.3440572917
0.0571574867
-0.0102396980
-0.0650684088
-0.1131968945
-0.0535403863
-0.2217184901
0.0542132184
-0.0605890751
0.0553955473
0.0310131703
-0.1221226603
0.0182691365
-0.0142790508
0.2792035341
0.1718049049
0.0348968282
0.1216931567
-0.3672872782
0.5740544200
0.2615686655
0.1975544244
-0.1222145706
0.5708025694
-0.0824293345
-0.2143426239
-0.0711354166
0.0780066624
0.3645341396
-0.0224849805
0.1699415892
-0.1069933549
0.0652608722
0.0147610093
0.0918786824
0.0708536655
0.2781125307
0.3548376858
0.3846668601
-0.0630448237
0.0662923604
0.4282600880
-0.1865178049
0.1918625832
0.1116728783
0.2193909138
0.1341255456
0.3246067464
0.2631923854
-0.1506865770
-0.1401543617
0.2982461154
-0.2479995489
0.2394146770
-0.0042581512
0.1004464999
0.2881816626
-0.1178106368
-0.1573589593
0.3815778792
0.0203002747
-0.1045396775
-0.0761648193
0.1950139105
-0.2418316156
0.1978495866
-0.1604263633
-0.2240865827
-0.1399761289
-0.0095340004
0.0956510305
0.3062267005
-0.0772521943
0.1280719936
0.0414552502
-0.0063890242
-0.2302041948
0.0137996348
0.2471297383
0.0667586327
0.1203564703
0.3678321242
0.0602643900
-0.0039119190
-0.2132768780
-0.2503002584
0.1557516605
0.1196616739
0.1277411133
-0.0539395660
-0.1727590561
-0.2937951386
-0.1957624257
0.1771955937
0.2832514644
0.1866926849
-0.0567387938
0.1227815524
-0.0661987215
-0.0469356589
-0.2876948416
-0.1179958209
-0.0995894596
-0.1291293502
-0.1719072163
0.0987153128
0.0388343781
0.0321630202
0.3594081402
0.0027639151
0.1886046082
0.1555072218
0.1411702484
0.1200996935
-0.1254581511
0.0701549575
-0.1119437888
0.2538915277
-0.0290936958
0.0937862769
-0.1544493586
0.1239502728
-0.1264554411
0.1537811160
0.3529323637
0.1693919301
0.1204778031
0.0223329477
0.0005483257
-0.0310151614
0.1501132548
0.1756443232
-0.1542657465
-0.0574278459
-0.0396110564
0.0976943448
-0.3053473532
-0.2450192124
0.1609328091
0.1272813082
-0.0143243670
0.0789177194
0.1416301131
-0.1531584561
0.1690459400
0.0913690329
0.0303291660
0.1228860095
0.5811108351
0.1666603833
0.1528390497
0.1942448020
0.0507122092
-0.2440063357
-0.0219065435
-0.1231262237
-0.1031550765
0.0193522517
-0.0510723554
-0.2998203337
-0.2704854012
0.0555548221
0.1869117767
-0.1873521805
-0.1118501574
0.0794797614
-0.0719937310
-0.0068112430
-0.0513967611
0.1365027279
0.0918668881
0.1624821872
-0.0454075634
0.1104364172
-0.1164574400
-0.2626070380
-0.1938419640
-0.3565862775
-0.1838182956
-0.0514002703
0.0733900592
0.1756284237
0.2408776432
0.1491089165
-0.1135453805
0.0268470179
-0.3497387171
-0.0837768540
-0.1774755269
0.1128206030
0.2604636550
-0.0341551006
-0.1781073213
0.0323276110
0.2796437442
0.0049513876
0.1429385245
0.0652511343
-0.0857124999
0.1637091935
0.2212874889
-0.1055492982
-0.0186998248
0.2626871467
-0.0454280525
-0.2870237231
0.0714222044
-0.2409561127
-0.2844755054
-0.2701009512
-0.1144841909
0.1824360043
-0.0949720591
-0.0219702758
-0.2140500844
-0.1788533926
0.0044540553
0.0923274606
-0.1186012030
0.2535916865
-0.1123167872
0.2355941832
0.1174008027
-0.0321080834
-0.0644354969
-0.0715275556
0.0872392133
-0.0304390676
-0.0579225570
0.0009566277
0.1146195531
0.1474258453
-0.0399998240
0.1305247247
0.1635630131
-0.0062123463
0.0987765566
0.0236755535
0.0436443798
-0.1333345324
0.2237154990
0.1935234517
0.0708018765
-0.0969559252
-0.1857921779
0.1652440876
0.0241692942
-0.0761693865
0.0662378594
0.2842734456
0.1074851081
-0.0208287388
-0.0245760102
0.0753521994
0.2500156462
0.0878043324
0.3952697217
0.0978190005
0.0350781865
0.0631870255
-0.0491096117
0.1402323991
0.0280269813
0.1957214028
0.0140948175
0.1790957153
0.1061455011
-0.0451970957
0.1500408351
0.1205950677
0.2349506766
0.5052130818
0.0182723347
-0.0029020873
0.1152217835
0.0225094371
-0.1579284966
0.2836701572
0.1420734525
0.1266173571
0.3962081969
0.2398996651
0.5082079172
0.2928528786
-0.2129778862
-0.1508050114
-0.1039603576
-0.2179387510
-0.1956876665
0.2814828157
-0.0125503214
0.0290034264
0.0708552822
-0.2457611263
0.2284814864
0.3946138024
0.3820589185
0.3407641053
0.1064306349
-0.2597861588
0.2406579554
0.1252291799
0.0230222847
-0.0661207661
-0.0551902279
0.1471517980
0.2088036239
0.3350237906
0.3258637190
0.3418857455
0.2085530311
-0.0841798410
0.0275417175
-0.1162772775
-0.0679726824
0.2140082717
0.1631071121
0.3193237782
0.0961656496
-0.0814669058
0.0932371765
0.2258667499
0.0228974819
0.0985193402
0.1776267737
0.1542056799
0.2033856958
0.0699319467
-0.0506336540
0.0904732272
0.1536549777
-0.0200856496
-0.0309364405
0.3121412396
0.2306428403
0.3346203864
0.2028874606
0.0008498369
0.2443636209
-0.0576302148
0.1078583524
-0.0217372961
-0.1663736999
0.2261305451
0.2017386556
-0.2303430587
0.0916069224
-0.0877972320
-0.0079888748
0.1971666962
-0.1656297594
-0.0375664085
0.1208491921
0.1767020375
-0.1392684728
-0.2020587623
-0.0671311170
0.1105122417
-0.0525908284
0.2492531091
-0.2149195969
-0.0955481753
-0.1592591554
-0.2039613277
0.0760917440
0.2775104642
-0.3034690917
0.0146125890
-0.2099497914
-0.2714709044
-0.0789090022
0.0522528589
-0.1740165651
-0.0892674550
-0.2011155337
0.4099791646
0.1877681911
0.0606079102
0.1197761521
-0.0464516059
-0.0683445334
0.1172082201
0.1598986089
-0.0447850116
0.3144064844
0.2247988135
-0.0866327509
-0.2005283087
0.0254438613
0.0043068617
-0.0809227675
-0.1241281256
-0.0025837801
0.2159134448
0.1030667499
0.0386650525
-0.1247084588
0.0248956811
0.0905929580
0.0479879342
0.2822733521
0.0444807820
-0.1097013131
-0.2270379663
-0.0078010368
0.1255530715
-0.1218093112
-0.2273501158
-0.0908547565
-0.0132730398
-0.1011885256
0.1929107904
0.2522826493
0.1726024449
0.2213130295
0.1794201136
0.4256263971
0.1099044383
-0.0103250872
0.2831918299
0.1772917658
0.0847062171
-0.0275116134
-0.1678622514
-0.0193091631
0.1558668017
0.2883664966
0.2305149883
0.4242600799
-0.2808801532
-0.0721255094
-0.1106639504
0.1305080205
-0.0732866675
-0.1147983819
0.1124614328
-0.0405145697
-0.1555858701
0.0012915024
0.0405608825
0.1746904105
-0.0170604773
-0.0669311732
0.0168746077
-0.0000754969
0.0800750405
0.3186101615
-0.0314036943
0.0342494287
0.0516740754
-0.0443394110
0.0391749889
-0.0317222066
0.2897791862
0.1187065691
0.0591278933
-0.0816281214
-0.1135699153
0.1102393642
0.1348540038
0.0453588553
0.2972923517
0.0466302745
-0.1198297068
-0.3176020384
-0.2159277797
-0.0954797417
0.1412842423
0.0458648875
-0.0594201274
0.4506951571
0.0439861193
0.1651153713
-0.0630594492
-0.1099883020
0.0007791290
0.2249223292
0.1479284614
0.2529273331
-0.0752249658
-0.0162562374
-0.1911019534
0.0063840118
0.0903337896
0.0469009094
0.0165789351
0.2030975670
-0.1161155552
0.0179152079
0.0552661195
0.0417673625
0.0558268465
0.0190108940
-0.1059271768
0.0431979224
0.2843346894
0.0973039940
0.4660288393
0.1341856718
-0.2383610010
-0.0386662930
0.3756238222
0.2735315263
0.0461533554
0.0204867236
0.0179647654
0.1310027540
0.3199957907
0.1242108494
0.2434054166
-0.0006633396
0.1827622503
-0.1807835996
-0.0341021121
0.1489249021
0.3421382904
0.2068278641
0.1427828670
0.1468269378
-0.2661885023
-0.3185011148
-0.2114877701
-0.4234478772
0.5301464200
0.4560011327
0.5405257344
0.3354460001
-0.2235668451
-0.0058901822
0.1601570100
0.2668710947
0.4317329526
0.2649375200
-0.2955771983
0.2617722750
0.2698870003
0.0485974476
-0.2416875362
-0.2509650588
-0.3514326215
-0.3237383068
0.2472176403
0.1703446656
0.2344147414
-0.0093865339
-0.2534769475
0.3527549505
0.1590047479
0.3689848483
0.0249626189
0.1251716316
-0.3520482183
0.0418890007
0.2429972738
0.2570635676
-0.0242677946
-0.0987386629
-0.1903375089
0.1458182782
0.0861302987
-0.1732593030
-0.0003468783
-0.0928285718
0.0031358760
0.0077545377
0.1797837466
-0.1845381558
0.0539009310
-0.0256875474
0.2207616419
0.1236237735
0.0659305677
0.1350409687
0.0160122905
-0.0837108046
0.0130370334
0.0785823688
0.0881449208
0.0792588294
0.0240042433
-0.0107512763
-0.0463065580
-0.3515408337
-0.0446474962
-0.1033519953
-0.1901695281
0.0045890156
0.1474914700
-0.0848958492
0.1294473112
-0.2645348608
0.0922191888
0.1809244305
-0.0280303434
-0.1154987067
-0.3735293150
-0.1976232678
-0.1230870038
-0.1854973882
0.1355632842
0.0768872872
-0.2103313059
-0.1163032129
-0.1525896490
-0.0293806400
-0.0001396339
-0.1613698900
0.0085000657
0.3144903183
-0.3331938684
-0.0341458172
-0.0580960773
-0.0315537751
-0.2029224187
0.0804346576
-0.1331343651
0.0471167862
-0.3066004515
-0.0494896807
-0.1949434578
-0.1151863337
0.0110409427
-0.2608017623
0.1364219487
-0.2249580324
0.0231491383
-0.1075595543
0.3593388498
0.3692042232
0.2242175341
0.0354186706
0.1689123511
-0.1083159819
-0.1925271004
0.1752154827
0.1837514043
-0.0437284037
0.1217592508
0.0864193961
0.2234507799
-0.0062580602
-0.1401808411
-0.1071090475
0.1449390054
-0.1293436140
0.1512528360
0.1520878673
0.1000564322
0.0771711767
0.1662608683
-0.2715273798
-0.2078756243
-0.0071227970
-0.0680075586
-0.1384820044
-0.0733952969
-0.0362684205
0.2073449641
0.1461046934
0.0846850201
0.0368519761
-0.2031046897
-0.2288262099
0.4123369157
-0.0158770066
-0.0198655576
0.0085378280
-0.0539685115
-0.0214286335
0.0486511588
0.1871261448
-0.0840021372
0.1166797653
-0.1313334256
0.2225779891
0.1434062719
0.1219991073
-0.0445063561
-0.0010081993
0.1380549073
0.0641161650
0.2916680276
-0.0638668239
-0.0016785888
0.1912619323
0.0713882223
0.2686495483
0.1914730668
0.2011503130
0.0800986663
-0.1070707813
0.0463793576
0.0644685403
-0.0162307564
0.1006523371
-0.0607958920
0.3635224402
0.1306190193
0.1647204310
-0.0537949763
0.1045107096
0.0173543431
0.1869435161
0.0427806973
0.1286236495
0.0407550931
-0.0703410655
-0.0223877802
0.2127012610
0.3411580920
0.0136027895
0.2797985375
0.2312446386
0.0912522003
0.2894236743
-0.1087978333
0.4007211030
-0.0060013421
0.0368689299
0.1004250124
0.0495950021
0.0333747193
-0.2479314655
0.0961793214
0.0609109215
-0.1010345966
-0.0869738907
0.0198017955
0.0415853746
0.2717635036
0.3239449561
0.1145964414
-0.0403431319
-0.0969386697
-0.0682339221
0.4066540003
0.3247052133
-0.1176007390
0.0407227352
-0.2042320520
-0.0726185888
0.2752399445
-0.0105337156
0.0248022508
0.1352927685
0.2084019631
-0.1511321664
0.0093989270
-0.2399599254
-0.2432070822
-0.3740808666
-0.0257418621
-0.0711848512
0.2295435369
0.2839642465
0.0892125815
0.0935665220
0.2497743517
0.0851108283
0.1911404431
0.2680542767
0.2628815472
0.0920719877
0.1994836330
0.2285256237
0.1830762029
0.1695412099
0.0036359245
-0.0671016723
-0.0810622349
-0.0349514037
-0.1674148589
-0.1915487200
-0.1057527438
0.4839813411
0.3421764076
0.0600253455
-0.1331134290
-0.2588394582
-0.2976989746
0.2932062745
0.1615232527
0.4432314038
0.6173935533
0.2966439724
-0.0296799727
-0.2672712207
0.0498727039
0.0862588361
0.2079968303
-0.0016265719
-0.0032415122
0.0115486868
0.1279170364
0.6293091178
0.4264527857
0.0068631279
0.0885137245
0.1730492115
-0.0050184424
0.1112456322
0.4581641257
0.0649762899
0.2885135710
0.5131213069
0.3487922549
0.1625904143
0.0231652521
0.1467053741
0.2309309989
-0.0362862535
0.0799829736
0.1434402913
-0.1568309814
-0.1571020186
-0.1227625832
-0.0424323156
0.0885670036
-0.0412127487
-0.0411420017
-0.0935591310
0.3429537416
-0.1956425607
-0.1333586723
-0.2111330032
0.0294343382
0.2378683835
0.1152099147
-0.1793402135
-0.1832326949
0.0968125910
0.1676777154
0.1365021914
0.1751043051
0.1704227328
0.3663899899
0.2568822503
0.1342306584
-0.5314639211
0.1424807310
0.2737502754
0.0803388804
0.1720207483
-0.0053016120
0.1800619215
-0.2694765925
-0.1699427217
0.0484020412
0.0997197777
-0.4521706700
-0.1640394032
-0.3850073218
0.0135705806
0.1024613604
0.0780279189
0.0606526844
0.0790523291
0.3800166547
-0.4010499120
-0.1843904257
-0.2039318681
-0.2721597850
-0.0176767651
-0.3083722889
-0.1570397764
-0.2224399149
0.1274445802
-0.0763434097
-0.0553175583
-0.2600191236
-0.0734954998
-0.1266680211
-0.4328593016
-0.1124673560
0.0455610901
0.3976066113
-0.2993939221
-0.3767410815
-0.1021127030
0.3174383938
0.2951438427
0.2651442289
0.0409131609
0.2256491035
-0.0410925895
-0.0173864961
0.1032665968
-0.0869179070
0.1214358360
0.2467843294
0.3296338022
0.0457896627
0.1423800141
0.1120078191
0.2165718526
0.2585712373
-0.1841044128
0.0781638399
0.3769291043
-0.1114405468
-0.4918301404
-0.1123017669
-0.1920069903
-0.1752471328
-0.2514506876
-0.0416522622
-0.0248943735
0.1180951521
-0.0324083045
-0.2162525654
-0.2265082151
-0.3684169650
0.2826715708
-0.1170410961
-0.0747706741
-0.0991548374
-0.0100519713
0.0099237710
-0.1594102979
-0.2134374231
-0.1281630844
-0.1199395508
0.1061072201
0.0963191390
-0.1321760118
-0.0795866475
-0.0654098988
0.0342645235
0.0741712004
-0.0616200902
0.1158191338
0.0648677126
-0.0235944670
-0.0074660778
-0.2644322217
0.0198559631
0.0996296853
0.2910021245
-0.0285479855
0.2282458991
-0.0958499610
-0.1431967020
0.1412377357
0.0606064461
0.1143546328
0.1401797235
-0.3177446127
0.0891958177
-0.3144421875
-0.1713498384
-0.0127287097
-0.1530087441
-0.1503136456
-0.1705611795
0.0055898451
-0.1719716340
-0.3988840580
0.0928140804
0.1292080283
0.1258541942
-0.0132616395
-0.1972021461
-0.1810350120
-0.1644234061
-0.0872903168
0.1471138597
-0.0889528021
-0.1363984942
0.2602208257
-0.0407351069
0.1912596673
-0.0622489192
0.1078366116
-0.1061361954
0.0342052504
-0.1242459565
-0.1476329863
0.3447113037
-0.1512183696
-0.0723721012
0.0208924413
0.2675476372
0.0039403010
0.2168117464
0.2726108432
0.0267444141
-0.1533537805
0.0914292485
0.1928117573
0.1769496053
-0.0557837822
0.0028338071
-0.0272406619
-0.1335456818
0.3402062953
0.2779418528
0.0730179697
0.0470675044
-0.0072296597
0.1287576705
0.1236029491
0.2595183551
0.1921190321
0.0752545148
-0.0085659707
0.3313394487
0.4239661098
0.3166858256
0.2095934451
-0.0989836901
0.1711969674
-0.0519710593
0.0762411654
0.0096799582
0.0695135519
0.1308642030
0.1311523616
-0.0075087748
-0.2422440350
0.2726940513
0.1617051214
0.3062044084
0.2543640435
-11.3586511612
